prm_details[111].path_to_goal
14-element Vector{prm_path_info_struct}:
 prm_path_info_struct(111, 30.682849722511563, 60.17691836705647)
 prm_path_info_struct(72, 37.14399019576457, 62.75886370381079)
 prm_path_info_struct(124, 42.78113284300913, 66.97043898034406)
 prm_path_info_struct(237, 48.554757264118706, 70.62592919642081)
 prm_path_info_struct(473, 51.23768498961419, 71.22876065912853)
 prm_path_info_struct(20, 59.20792214525661, 73.64321671682109)
 prm_path_info_struct(242, 63.04243009504928, 74.90105162370999)
 prm_path_info_struct(475, 68.94316036325303, 77.52881514874723)
 prm_path_info_struct(126, 74.36773408574378, 76.78273774540543)
 prm_path_info_struct(381, 80.36413642458558, 77.01562325028983)
 prm_path_info_struct(477, 86.13666098739805, 75.44975515382544)
 prm_path_info_struct(356, 89.77026455988712, 73.82146642061586)
 prm_path_info_struct(362, 95.4974004999882, 74.52965733760355)
 prm_path_info_struct(2, 100.0, 75.0)
